 
 CA #1: 292.0 331.0 296.0 331.0 312.0 317.0  
 CA #2: 297.0 313.0 315.0 328.0 314.0 296.0  
 CA #3: 316.0 320.0 336.0 336.0 315.0 304.0  
 CA #4: 319.0 319.0 332.0 297.0 304.0 290.0  
 CA #5: 328.0 323.0 315.0 305.0 316.0 316.0  
 CA #6: 310.0 311.0 313.0 316.0 303.0 308.0  
 CA #7: 315.0 323.0 311.0 353.0 332.0 292.0  
 CA #8: 325.0 311.0 328.0 312.0 339.0 307.0  
 CA #9: 296.0 293.0 313.0 307.0 320.0 323.0  
 CA #10: 317.0 315.0 323.0 317.0 305.0 284.0  
 CA #11: 315.0 315.0 340.0 330.0 313.0 314.0  
 CA #12: 317.0 295.0 305.0 309.0 324.0 312.0  
 CA #1: 318.0 301.0 307.0 307.0 324.0 316.0  
 CA #2: 307.0 308.0 289.0 320.0 318.0 323.0  
 CA #3: 317.0 306.0 301.0 331.0 317.0 287.0  
 CA #4: 306.0 313.0 327.0 323.0 307.0 299.0  
 CA #5: 308.0 337.0 303.0 298.0 309.0 306.0  
 CA #6: 309.0 334.0 313.0 312.0 311.0 307.0  
 CA #7: 339.0 307.0 290.0 303.0 293.0 296.0  
 CA #8: 314.0 306.0 324.0 316.0 306.0 308.0  
 CA #9: 326.0 308.0 333.0 313.0 331.0 322.0  
 CA #10: 321.0 308.0 287.0 313.0 325.0 308.0  
 CA #11: 313.0 314.0 321.0 307.0 314.0 324.0  
 CA #12: 315.0 305.0 333.0 327.0 313.0 314.0  
 CA #1: 300.0 305.0 297.0 303.0 312.0 330.0  
 CA #2: 307.0 339.0 306.0 316.0 337.0 330.0  
 CA #3: 333.0 316.0 297.0 317.0 312.0 311.0  
 CA #4: 312.0 295.0 303.0 312.0 311.0 320.0  
 CA #5: 300.0 308.0 351.0 308.0 298.0 313.0  
 CA #6: 307.0 312.0 314.0 309.0 324.0 307.0  
 CA #7: 312.0 325.0 324.0 304.0 331.0 290.0  
 CA #8: 315.0 326.0 299.0 317.0 307.0 310.0  
 CA #9: 304.0 307.0 305.0 297.0 309.0 324.0  
 CA #10: 302.0 320.0 316.0 318.0 317.0 309.0  
 CA #11: 316.0 340.0 316.0 327.0 317.0 327.0  
 CA #12: 324.0 323.0 315.0 305.0 332.0 317.0  
 CA #1: 352.0 320.0 301.0 300.0 280.0 334.0  
 CA #2: 326.0 306.0 298.0 329.0 308.0 307.0  
 CA #3: 325.0 323.0 289.0 327.0 303.0 314.0  
 CA #4: 313.0 308.0 313.0 330.0 325.0 351.0  
 CA #5: 316.0 286.0 325.0 311.0 318.0 327.0  
 CA #6: 312.0 310.0 346.0 314.0 308.0 339.0  
 CA #7: 320.0 309.0 300.0 325.0 311.0 298.0  
 CA #8: 322.0 300.0 318.0 308.0 346.0 315.0  
 CA #9: 300.0 298.0 304.0 306.0 324.0 303.0  
 CA #10: 309.0 325.0 321.0 334.0 321.0 318.0  
 CA #11: 307.0 306.0 313.0 315.0 334.0 333.0  
 CA #12: 313.0 303.0 319.0 310.0 321.0 329.0  
 CA #1: 0 0 0 0 0 0  
 CA #2: 19 0 0 0 0 19  
 CA #3: 0 0 0 0 0 0  
 CA #4: 0 0 0 0 0 0  
 CA #5: 0 0 0 0 0 0  
 CA #6: 0 0 0 0 0 0  
 CA #7: 0 0 0 0 0 0  
 CA #8: 0 0 0 0 0 0  
 CA #9: 0 0 0 0 0 0  
 CA #10: 0 0 0 0 0 0  
 CA #11: 0 0 0 0 0 0  
 CA #12: 0 0 0 0 0 0  
 CA #1: 0 0 0 0 0 0  
 CA #2: 19 0 0 0 7 19  
 CA #3: 0 0 0 0 0 0  
 CA #4: 0 0 0 0 0 0  
 CA #5: 0 0 0 0 0 0  
 CA #6: 0 0 0 0 0 0  
 CA #7: 0 0 0 0 0 0  
 CA #8: 0 0 0 0 0 0  
 CA #9: 0 0 0 0 0 0  
 CA #10: 0 0 0 0 0 0  
 CA #11: 0 0 0 0 0 0  
 CA #12: 0 0 0 0 0 0  
 CA #1: 0 0 0 0 0 0  
 CA #2: 19 0 0 0 7 19  
 CA #3: 0 0 0 0 0 0  
 CA #4: 0 0 0 0 0 0  
 CA #5: 0 0 0 0 0 0  
 CA #6: 0 0 0 0 0 0  
 CA #7: 0 0 0 0 0 0  
 CA #8: 0 0 0 0 0 0  
 CA #9: 0 0 0 0 0 0  
 CA #10: 0 0 0 0 0 0  
 CA #11: 0 0 0 0 0 0  
 CA #12: 0 0 0 0 0 0  
 CA #1: 0 0 0 0 0 0  
 CA #2: 19 0 0 0 6 19  
 CA #3: 0 0 0 0 0 0  
 CA #4: 0 0 0 0 0 0  
 CA #5: 0 0 0 0 0 0  
 CA #6: 0 0 0 0 0 0  
 CA #7: 0 0 0 0 0 0  
 CA #8: 0 0 0 0 0 0  
 CA #9: 0 0 0 0 0 0  
 CA #10: 0 0 0 0 0 0  
 CA #11: 0 0 0 0 0 0  
 CA #12: 0 0 0 0 0 0  
 CA #1: 0 0 0 0 0 0  
 CA #2: 19 0 0 0 6 19  
 CA #3: 0 0 0 0 0 0  
 CA #4: 0 0 0 0 0 0  
 CA #5: 0 0 0 0 0 0  
 CA #6: 0 0 0 0 0 0  
 CA #7: 0 0 0 0 0 0  
 CA #8: 0 0 0 0 0 0  
 CA #9: 0 0 0 0 0 0  
 CA #10: 0 0 0 0 0 0  
 CA #11: 0 0 0 0 0 0  
 CA #12: 0 0 0 0 0 0  
 CA #1: 0 0 0 0 0 0  
 CA #2: 19 0 0 0 6 19  
 CA #3: 0 0 0 0 0 0  
 CA #4: 0 0 0 0 0 0  
 CA #5: 0 0 0 0 0 0  
 CA #6: 0 0 0 0 0 0  
 CA #7: 0 0 0 0 0 0  
 CA #8: 0 0 0 0 0 0  
 CA #9: 0 0 0 0 0 0  
 CA #10: 0 0 0 0 0 0  
 CA #11: 0 0 0 0 0 0  
 CA #12: 0 0 0 0 0 0  
 CA #1: 0 0 0 0 0 0  
 CA #2: 19 0 0 0 6 19  
 CA #3: 0 0 0 0 0 0  
 CA #4: 0 0 0 0 0 0  
 CA #5: 0 0 0 0 0 0  
 CA #6: 0 0 0 0 0 0  
 CA #7: 0 0 0 0 0 0  
 CA #8: 0 0 0 0 0 0  
 CA #9: 0 0 0 0 0 0  
 CA #10: 0 0 0 0 0 0  
 CA #11: 0 0 0 0 0 0  
 CA #12: 0 0 0 0 0 0  
 CA #1: 0 0 0 0 0 0  
 CA #2: 19 0 0 0 6 19  
 CA #3: 0 0 0 0 0 0  
 CA #4: 0 0 0 0 0 0  
 CA #5: 0 0 0 0 0 0  
 CA #6: 0 0 0 0 0 0  
 CA #7: 0 0 0 0 0 0  
 CA #8: 0 0 0 0 0 0  
 CA #9: 0 0 0 0 0 0  
 CA #10: 0 0 0 0 0 0  
 CA #11: 0 0 0 0 0 0  
 CA #12: 0 0 0 0 0 0  
 CA #1: 0 0 0 0 0 0  
 CA #2: 19 0 0 0 6 19  
 CA #3: 0 0 0 0 0 0  
 CA #4: 0 0 0 0 0 0  
 CA #5: 0 0 0 0 0 0  
 CA #6: 0 0 0 0 0 0  
 CA #7: 0 0 0 0 0 0  
 CA #8: 0 0 0 0 0 0  
 CA #9: 0 0 0 0 0 0  
 CA #10: 0 0 0 0 0 0  
 CA #11: 0 0 0 0 0 0  
 CA #12: 0 0 0 0 0 0  
 CA #1: 0 0 0 0 0 0  
 CA #2: 19 0 0 0 6 19  
 CA #3: 0 0 0 0 0 0  
 CA #4: 0 0 0 0 0 0  
 CA #5: 0 0 0 0 0 0  
 CA #6: 0 0 0 0 0 0  
 CA #7: 0 0 0 0 0 0  
 CA #8: 0 0 0 0 0 0  
 CA #9: 0 0 0 0 0 0  
 CA #10: 0 0 0 0 0 0  
 CA #11: 0 0 0 0 0 0  
 CA #12: 0 0 0 0 0 0  
 CA #1: 0 0 0 0 0 0  
 CA #2: 19 0 0 0 6 19  
 CA #3: 0 0 0 0 0 0  
 CA #4: 0 0 0 0 0 0  
 CA #5: 0 0 0 0 0 0  
 CA #6: 0 0 0 0 0 0  
 CA #7: 0 0 0 0 0 0  
 CA #8: 0 0 0 0 0 0  
 CA #9: 0 0 0 0 0 0  
 CA #10: 0 0 0 0 0 0  
 CA #11: 0 0 0 0 0 0  
 CA #12: 0 0 0 0 0 0  
 CA #1: 0 0 0 0 0 0  
 CA #2: 19 0 0 0 6 19  
 CA #3: 0 0 0 0 0 0  
 CA #4: 0 0 0 0 0 0  
 CA #5: 0 0 0 0 0 0  
 CA #6: 0 0 0 0 0 0  
 CA #7: 0 0 0 0 0 0  
 CA #8: 0 0 0 0 0 0  
 CA #9: 0 0 0 0 0 0  
 CA #10: 0 0 0 0 0 0  
 CA #11: 0 0 0 0 0 0  
 CA #12: 0 0 0 0 0 0  
 CA #1: 0 0 0 0 0 0  
 CA #2: 19 0 0 0 6 19  
 CA #3: 0 0 0 0 0 0  
 CA #4: 0 0 0 0 0 0  
 CA #5: 0 0 0 0 0 0  
 CA #6: 0 0 0 0 0 0  
 CA #7: 0 0 0 0 0 0  
 CA #8: 0 0 0 0 0 0  
 CA #9: 0 0 0 0 0 0  
 CA #10: 0 0 0 0 0 0  
 CA #11: 0 0 0 0 0 0  
 CA #12: 0 0 0 0 0 0  
 CA #1: 0 0 0 0 0 0  
 CA #2: 19 0 0 0 6 19  
 CA #3: 0 0 0 0 0 0  
 CA #4: 0 0 0 0 0 0  
 CA #5: 0 0 0 0 0 0  
 CA #6: 0 0 0 0 0 0  
 CA #7: 0 0 0 0 0 0  
 CA #8: 0 0 0 0 0 0  
 CA #9: 0 0 0 0 0 0  
 CA #10: 0 0 0 0 0 0  
 CA #11: 0 0 0 0 0 0  
 CA #12: 0 0 0 0 0 0  
 CA #1: 0 0 0 0 0 0  
 CA #2: 19 0 0 0 6 19  
 CA #3: 0 0 0 0 0 0  
 CA #4: 0 0 0 0 0 0  
 CA #5: 0 0 0 0 0 0  
 CA #6: 0 0 0 0 0 0  
 CA #7: 0 0 0 0 0 0  
 CA #8: 0 0 0 0 0 0  
 CA #9: 0 0 0 0 0 0  
 CA #10: 0 0 0 0 0 0  
 CA #11: 0 0 0 0 0 0  
 CA #12: 0 0 0 0 0 0  
 CA #1: 0 0 0 0 0 0  
 CA #2: 19 0 0 0 6 19  
 CA #3: 0 0 0 0 0 0  
 CA #4: 0 0 0 0 0 0  
 CA #5: 0 0 0 0 0 0  
 CA #6: 0 0 0 0 0 0  
 CA #7: 0 0 0 0 0 0  
 CA #8: 0 0 0 0 0 0  
 CA #9: 0 0 0 0 0 0  
 CA #10: 0 0 0 0 0 0  
 CA #11: 0 0 0 0 0 0  
 CA #12: 0 0 0 0 0 0  
 CA #1: 0 0 0 0 0 0  
 CA #2: 19 0 0 0 6 19  
 CA #3: 0 0 0 0 0 0  
 CA #4: 0 0 0 0 0 0  
 CA #5: 0 0 0 0 0 0  
 CA #6: 0 0 0 0 0 0  
 CA #7: 0 0 0 0 0 0  
 CA #8: 0 0 0 0 0 0  
 CA #9: 0 0 0 0 0 0  
 CA #10: 0 0 0 0 0 0  
 CA #11: 0 0 0 0 0 0  
 CA #12: 0 0 0 0 0 0  
 CA #1: 0 0 0 0 0 0  
 CA #2: 19 0 0 0 6 19  
 CA #3: 0 0 0 0 0 0  
 CA #4: 0 0 0 0 0 0  
 CA #5: 0 0 0 0 0 0  
 CA #6: 0 0 0 0 0 0  
 CA #7: 0 0 0 0 0 0  
 CA #8: 0 0 0 0 0 0  
 CA #9: 0 0 0 0 0 0  
 CA #10: 0 0 0 0 0 2  
 CA #11: 0 0 0 0 0 0  
 CA #12: 0 0 0 0 0 0  
 CA #1: 0 0 0 0 0 1  
 CA #2: 19 0 0 0 6 19  
 CA #3: 0 0 0 0 0 0  
 CA #4: 0 0 0 0 0 0  
 CA #5: 0 0 0 0 0 0  
 CA #6: 0 0 0 0 0 0  
 CA #7: 0 0 0 0 0 0  
 CA #8: 0 0 0 0 0 0  
 CA #9: 0 0 0 0 0 0  
 CA #10: 0 0 0 0 0 2  
 CA #11: 0 0 0 0 0 0  
 CA #12: 0 0 0 0 0 0  
 CA #1: 0 0 0 0 0 1  
 CA #2: 19 0 0 0 6 19  
 CA #3: 0 0 0 0 0 0  
 CA #4: 0 0 0 0 0 0  
 CA #5: 0 0 0 0 0 0  
 CA #6: 0 0 0 0 0 0  
 CA #7: 0 0 0 0 0 0  
 CA #8: 0 0 0 0 0 0  
 CA #9: 0 0 0 0 0 0  
 CA #10: 0 0 0 0 0 2  
 CA #11: 0 0 0 0 0 0  
 CA #12: 0 0 0 0 0 0  
 CA #1: 0 0 0 0 0 1  
 CA #2: 19 0 0 0 6 19  
 CA #3: 0 0 0 0 0 0  
 CA #4: 0 0 0 0 0 0  
 CA #5: 0 0 0 0 0 0  
 CA #6: 0 0 0 0 0 0  
 CA #7: 0 0 0 0 0 0  
 CA #8: 0 0 0 0 0 0  
 CA #9: 0 0 0 0 0 0  
 CA #10: 0 0 0 0 0 2  
 CA #11: 0 0 0 0 0 0  
 CA #12: 0 0 0 0 0 0  
 CA #1: 0 0 0 0 0 1  
 CA #2: 16 0 0 0 6 19  
 CA #3: 0 0 0 0 0 0  
 CA #4: 0 0 0 0 0 0  
 CA #5: 0 0 0 0 0 0  
 CA #6: 0 0 0 0 0 0  
 CA #7: 0 0 0 0 0 0  
 CA #8: 0 0 0 0 0 0  
 CA #9: 0 0 0 0 0 0  
 CA #10: 0 0 0 0 0 2  
 CA #11: 0 0 0 0 0 0  
 CA #12: 0 0 0 0 0 0  
 CA #1: 0 0 0 0 0 1  
 CA #2: 15 0 0 0 6 19  
 CA #3: 0 0 0 0 0 0  
 CA #4: 0 0 0 0 0 0  
 CA #5: 0 0 0 0 0 0  
 CA #6: 0 0 0 0 0 0  
 CA #7: 0 0 0 0 0 0  
 CA #8: 0 0 0 0 0 0  
 CA #9: 0 0 0 0 0 0  
 CA #10: 0 0 0 0 0 2  
 CA #11: 0 0 0 0 0 0  
 CA #12: 0 0 0 0 0 0  
 CA #1: 0 0 0 0 0 1  
 CA #2: 14 0 0 0 6 19  
 CA #3: 0 0 0 0 0 0  
 CA #4: 0 0 0 0 0 0  
 CA #5: 0 0 0 0 0 0  
 CA #6: 0 0 0 0 0 0  
 CA #7: 0 0 0 0 0 0  
 CA #8: 0 0 0 0 0 0  
 CA #9: 0 0 0 0 0 0  
 CA #10: 0 0 0 0 0 2  
 CA #11: 0 0 0 0 0 0  
 CA #12: 0 0 0 0 0 0  
 CA #1: 0 0 0 0 0 1  
 CA #2: 16 0 0 0 6 19  
 CA #3: 0 0 0 0 0 0  
 CA #4: 0 0 0 0 0 0  
 CA #5: 0 0 0 0 0 0  
 CA #6: 0 0 0 0 0 0  
 CA #7: 0 0 0 0 0 0  
 CA #8: 0 0 0 0 0 0  
 CA #9: 0 0 0 0 0 0  
 CA #10: 0 0 0 0 0 2  
 CA #11: 0 0 0 0 0 0  
 CA #12: 0 0 0 0 0 0  
 CA #1: 0 0 0 0 0 1  
 CA #2: 18 0 0 0 6 19  
 CA #3: 0 0 0 0 0 0  
 CA #4: 0 0 0 0 0 0  
 CA #5: 0 0 0 0 0 0  
 CA #6: 0 0 0 0 0 0  
 CA #7: 0 0 0 0 0 0  
 CA #8: 0 0 0 0 0 0  
 CA #9: 0 0 0 0 0 0  
 CA #10: 0 0 0 0 0 2  
 CA #11: 0 0 0 0 0 0  
 CA #12: 0 0 0 0 0 0  
 CA #1: 0 0 0 0 0 1  
 CA #2: 18 0 0 0 6 19  
 CA #3: 0 0 0 0 0 0  
 CA #4: 0 0 0 0 0 0  
 CA #5: 0 0 0 0 0 0  
 CA #6: 0 0 0 0 0 0  
 CA #7: 0 0 0 0 0 0  
 CA #8: 0 0 0 0 0 0  
 CA #9: 0 0 0 0 0 0  
 CA #10: 0 0 0 0 0 2  
 CA #11: 0 0 0 0 0 0  
 CA #12: 0 0 0 0 0 0  
 CA #1: 0 0 0 0 0 1  
 CA #2: 19 0 0 0 6 19  
 CA #3: 0 0 0 0 0 0  
 CA #4: 0 0 0 0 0 0  
 CA #5: 0 0 0 0 0 0  
 CA #6: 0 0 0 0 0 0  
 CA #7: 0 0 0 0 0 0  
 CA #8: 0 0 0 0 0 0  
 CA #9: 0 0 0 0 0 0  
 CA #10: 0 0 0 0 0 2  
 CA #11: 0 0 0 0 0 0  
 CA #12: 0 0 0 0 0 0  
 CA #1: 0 0 0 0 0 1  
 CA #2: 19 0 0 0 6 19  
 CA #3: 0 0 0 0 0 0  
 CA #4: 0 0 0 0 0 0  
 CA #5: 0 0 0 0 0 0  
 CA #6: 0 0 0 0 0 0  
 CA #7: 0 0 0 0 0 0  
 CA #8: 0 0 0 0 0 0  
 CA #9: 0 0 0 0 0 0  
 CA #10: 0 0 0 0 0 2  
 CA #11: 0 0 0 0 0 0  
 CA #12: 0 0 0 0 0 0  
 CA #1: 0 0 0 0 0 1  
 CA #2: 19 0 0 0 6 19  
 CA #3: 0 0 0 0 0 0  
 CA #4: 0 0 0 0 0 0  
 CA #5: 0 0 0 0 0 0  
 CA #6: 0 0 0 0 0 0  
 CA #7: 0 0 0 0 0 0  
 CA #8: 0 0 0 0 0 0  
 CA #9: 0 0 0 0 0 0  
 CA #10: 0 0 0 0 0 2  
 CA #11: 0 0 0 0 0 0  
 CA #12: 0 0 0 0 0 0  
 CA #1: 0 0 0 0 0 1  
 CA #2: 19 0 0 0 6 19  
 CA #3: 0 0 0 0 0 0  
 CA #4: 0 0 0 0 0 0  
 CA #5: 0 0 0 0 0 0  
 CA #6: 0 0 0 0 0 0  
 CA #7: 0 0 0 0 0 0  
 CA #8: 0 0 0 0 0 0  
 CA #9: 0 0 0 0 0 0  
 CA #10: 0 0 0 0 0 2  
 CA #11: 0 0 0 0 0 0  
 CA #12: 0 0 0 0 0 0  
 CA #1: 0 0 0 0 0 1  
 CA #2: 19 0 0 0 6 19  
 CA #3: 0 0 0 0 0 0  
 CA #4: 0 0 0 0 0 0  
 CA #5: 0 0 0 0 0 0  
 CA #6: 0 0 0 0 0 0  
 CA #7: 0 0 0 0 0 0  
 CA #8: 0 0 0 0 0 0  
 CA #9: 0 0 0 0 0 0  
 CA #10: 0 0 0 0 0 2  
 CA #11: 0 0 0 0 0 0  
 CA #12: 0 0 0 0 0 0  
 CA #1: 0 0 0 0 0 1  
 CA #2: 19 0 0 0 6 19  
 CA #3: 0 0 0 0 0 0  
 CA #4: 0 0 0 0 0 0  
 CA #5: 0 0 0 0 0 0  
 CA #6: 0 0 0 0 0 0  
 CA #7: 0 0 0 0 0 0  
 CA #8: 0 0 0 0 0 0  
 CA #9: 0 0 0 0 0 0  
 CA #10: 0 0 0 0 0 2  
 CA #11: 0 0 0 0 0 0  
 CA #12: 0 0 0 0 0 0  
 CA #1: 0 0 0 0 0 1  
 CA #2: 19 0 0 0 6 19  
 CA #3: 0 0 0 0 0 0  
 CA #4: 0 0 0 0 0 0  
 CA #5: 0 0 0 0 0 0  
 CA #6: 0 0 0 0 0 0  
 CA #7: 0 0 0 0 0 0  
 CA #8: 0 0 0 0 0 0  
 CA #9: 0 0 0 0 0 0  
 CA #10: 0 0 0 0 0 2  
 CA #11: 0 0 0 0 0 0  
 CA #12: 0 0 0 0 0 0  
 CA #1: 0 0 0 0 0 1  
 CA #2: 19 0 0 0 6 19  
 CA #3: 0 0 0 0 0 0  
 CA #4: 0 0 0 0 0 0  
 CA #5: 0 0 0 0 0 0  
 CA #6: 0 0 0 0 0 0  
 CA #7: 0 0 0 0 0 0  
 CA #8: 0 0 0 0 0 0  
 CA #9: 0 0 0 0 0 0  
 CA #10: 0 0 0 0 0 2  
 CA #11: 0 0 0 0 0 0  
 CA #12: 0 0 0 0 0 0  
 CA #1: 0 0 0 0 0 1  
 CA #2: 19 0 0 0 6 19  
 CA #3: 0 0 0 0 0 0  
 CA #4: 0 0 0 0 0 0  
 CA #5: 0 0 0 0 0 0  
 CA #6: 0 0 0 0 0 0  
 CA #7: 0 0 0 0 0 0  
 CA #8: 0 0 0 0 0 0  
 CA #9: 0 0 0 0 0 0  
 CA #10: 0 0 0 0 0 2  
 CA #11: 0 0 0 0 0 0  
 CA #12: 0 0 0 0 0 0  
 CA #1: 0 0 0 0 0 1  
 CA #2: 19 0 0 0 6 19  
 CA #3: 0 0 0 0 0 0  
 CA #4: 0 0 0 0 0 0  
 CA #5: 0 0 0 0 0 0  
 CA #6: 0 0 0 0 0 0  
 CA #7: 0 0 0 0 0 0  
 CA #8: 0 0 0 0 0 0  
 CA #9: 0 0 0 0 0 0  
 CA #10: 0 0 0 0 0 2  
 CA #11: 0 0 0 0 0 0  
 CA #12: 0 0 0 0 0 0  
 CA #1: 0 0 0 0 0 1  
 CA #2: 19 0 0 0 6 19  
 CA #3: 0 0 0 0 0 0  
 CA #4: 0 0 0 0 0 0  
 CA #5: 0 0 0 0 0 0  
 CA #6: 0 0 0 0 0 0  
 CA #7: 0 0 0 0 0 0  
 CA #8: 0 0 0 0 0 0  
 CA #9: 0 0 0 0 0 0  
 CA #10: 0 0 0 0 0 2  
 CA #11: 0 0 0 0 0 0  
 CA #12: 0 0 0 0 0 0  
 CA #1: 0 0 0 0 0 1  
 CA #2: 19 0 0 0 6 19  
 CA #3: 0 0 0 0 0 0  
 CA #4: 0 0 0 0 0 0  
 CA #5: 0 0 0 0 0 0  
 CA #6: 0 0 0 0 0 0  
 CA #7: 0 0 0 0 0 0  
 CA #8: 0 0 0 0 0 2  
 CA #9: 0 0 0 0 0 0  
 CA #10: 0 0 0 0 0 2  
 CA #11: 0 0 0 0 0 0  
 CA #12: 0 0 0 0 0 0  
 CA #1: 0 0 0 0 0 1  
 CA #2: 19 0 0 0 6 19  
 CA #3: 0 0 0 0 0 0  
 CA #4: 0 0 0 0 0 0  
 CA #5: 0 0 0 0 0 0  
 CA #6: 0 0 0 0 0 0  
 CA #7: 0 0 0 0 0 0  
 CA #8: 0 0 0 0 0 2  
 CA #9: 0 0 0 0 0 0  
 CA #10: 0 0 0 0 0 2  
 CA #11: 0 0 0 0 0 0  
 CA #12: 0 0 0 0 0 0  
 CA #1: 0 0 0 0 0 1  
 CA #2: 19 0 0 0 6 19  
 CA #3: 0 0 0 0 0 0  
 CA #4: 0 0 0 0 0 0  
 CA #5: 0 0 0 0 0 0  
 CA #6: 0 0 0 0 0 0  
 CA #7: 0 0 0 0 0 0  
 CA #8: 0 0 0 0 0 2  
 CA #9: 0 0 0 0 0 0  
 CA #10: 0 0 0 0 0 2  
 CA #11: 0 0 0 0 0 0  
 CA #12: 0 0 0 0 0 0  
 CA #1: 0 0 0 0 0 1  
 CA #2: 19 0 0 0 6 19  
 CA #3: 0 0 0 0 0 0  
 CA #4: 0 0 0 0 0 0  
 CA #5: 0 0 0 0 0 0  
 CA #6: 0 0 0 0 0 0  
 CA #7: 0 0 0 0 0 0  
 CA #8: 0 0 0 0 0 2  
 CA #9: 0 0 0 0 0 0  
 CA #10: 0 0 0 0 0 2  
 CA #11: 0 0 0 0 0 0  
 CA #12: 0 0 0 0 0 0  
 CA #1: 0 0 0 0 0 1  
 CA #2: 19 0 0 0 6 19  
 CA #3: 0 0 0 0 0 0  
 CA #4: 0 0 0 0 0 0  
 CA #5: 0 0 0 0 0 0  
 CA #6: 0 0 0 0 0 0  
 CA #7: 0 0 0 0 0 0  
 CA #8: 0 0 0 0 0 2  
 CA #9: 0 0 0 0 0 0  
 CA #10: 0 0 0 0 0 2  
 CA #11: 0 0 0 0 0 0  
 CA #12: 1 0 0 0 0 0  
 CA #1: 0 0 0 0 0 1  
 CA #2: 19 0 0 0 6 19  
 CA #3: 0 0 0 0 0 0  
 CA #4: 0 0 0 0 0 0  
 CA #5: 0 0 0 0 0 0  
 CA #6: 0 0 0 0 0 0  
 CA #7: 0 0 0 0 0 0  
 CA #8: 0 0 0 0 0 2  
 CA #9: 0 0 0 0 0 0  
 CA #10: 0 0 0 0 0 2  
 CA #11: 0 0 0 0 0 0  
 CA #12: 1 0 0 0 0 0  
 CA #1: 0 0 0 0 0 1  
 CA #2: 19 0 0 0 6 19  
 CA #3: 0 0 0 0 0 0  
 CA #4: 0 0 0 0 0 0  
 CA #5: 0 0 0 0 0 0  
 CA #6: 0 0 0 0 0 0  
 CA #7: 0 0 0 0 0 0  
 CA #8: 0 0 0 0 0 2  
 CA #9: 0 0 0 0 0 0  
 CA #10: 0 0 0 0 0 2  
 CA #11: 2 0 0 0 0 0  
 CA #12: 1 0 0 0 0 0  
 CA #1: 0 0 0 0 0 1  
 CA #2: 19 0 0 0 6 19  
 CA #3: 0 0 0 0 0 0  
 CA #4: 0 0 0 0 0 0  
 CA #5: 0 0 0 0 0 0  
 CA #6: 0 0 0 0 0 0  
 CA #7: 0 0 0 0 0 0  
 CA #8: 0 0 0 0 0 2  
 CA #9: 0 0 0 0 0 0  
 CA #10: 0 0 0 0 0 2  
 CA #11: 2 0 0 0 0 0  
 CA #12: 1 0 0 0 0 0  
 CA #1: 0 0 0 0 0 1  
 CA #2: 19 0 0 0 6 19  
 CA #3: 0 0 0 0 0 0  
 CA #4: 0 0 0 0 0 0  
 CA #5: 0 0 0 0 0 0  
 CA #6: 0 0 0 0 0 0  
 CA #7: 0 0 0 0 0 1  
 CA #8: 0 0 0 0 0 2  
 CA #9: 0 0 0 0 0 0  
 CA #10: 0 0 0 0 0 2  
 CA #11: 2 0 0 0 0 0  
 CA #12: 1 0 0 0 0 0  
 CA #1: 0 0 0 0 0 1  
 CA #2: 19 0 0 0 6 19  
 CA #3: 0 0 0 0 0 0  
 CA #4: 0 0 0 0 0 0  
 CA #5: 0 0 0 0 0 0  
 CA #6: 0 0 0 0 0 0  
 CA #7: 0 0 0 0 0 1  
 CA #8: 0 0 0 0 0 2  
 CA #9: 0 0 0 0 0 0  
 CA #10: 0 0 0 0 0 2  
 CA #11: 2 0 0 0 0 0  
 CA #12: 1 0 0 0 0 0  
 CA #1: 0 0 0 0 0 1  
 CA #2: 19 0 0 0 6 19  
 CA #3: 0 0 0 0 0 0  
 CA #4: 0 0 0 0 0 0  
 CA #5: 0 0 0 0 0 0  
 CA #6: 0 0 0 0 0 0  
 CA #7: 0 0 0 0 0 1  
 CA #8: 0 0 0 0 0 2  
 CA #9: 0 0 0 0 0 0  
 CA #10: 0 0 0 0 0 2  
 CA #11: 2 0 0 0 0 0  
 CA #12: 1 0 0 0 0 0  
 CA #1: 0 0 0 0 0 1  
 CA #2: 19 0 0 0 6 19  
 CA #3: 0 0 0 0 0 0  
 CA #4: 0 0 0 0 0 0  
 CA #5: 0 0 0 0 0 0  
 CA #6: 0 0 0 0 0 0  
 CA #7: 0 0 0 0 0 1  
 CA #8: 0 0 0 0 0 2  
 CA #9: 0 0 0 0 0 0  
 CA #10: 0 0 0 0 0 2  
 CA #11: 2 0 0 0 0 0  
 CA #12: 1 0 0 0 0 0  
 CA #1: 0 0 0 0 0 1  
 CA #2: 19 0 0 0 6 19  
 CA #3: 0 0 0 0 0 0  
 CA #4: 0 0 0 0 0 0  
 CA #5: 0 0 0 0 0 0  
 CA #6: 0 0 0 0 0 0  
 CA #7: 0 0 0 0 0 2  
 CA #8: 0 0 0 0 0 2  
 CA #9: 0 0 0 0 0 0  
 CA #10: 0 0 0 0 0 2  
 CA #11: 2 0 0 0 0 0  
 CA #12: 1 0 0 0 0 0  
 CA #1: 0 0 0 0 0 1  
 CA #2: 19 0 0 0 6 19  
 CA #3: 0 0 0 0 0 0  
 CA #4: 0 0 0 0 0 0  
 CA #5: 0 0 0 0 0 0  
 CA #6: 0 0 0 0 0 0  
 CA #7: 0 0 0 0 0 2  
 CA #8: 0 0 0 0 0 2  
 CA #9: 0 0 0 0 0 0  
 CA #10: 0 0 0 0 0 2  
 CA #11: 2 0 0 0 0 0  
 CA #12: 1 0 0 0 0 0  
 CA #1: 0 0 0 0 0 1  
 CA #2: 19 0 0 0 6 19  
 CA #3: 0 0 0 0 0 0  
 CA #4: 0 0 0 0 0 0  
 CA #5: 0 0 0 0 0 0  
 CA #6: 0 0 0 0 0 0  
 CA #7: 0 0 0 0 0 9  
 CA #8: 0 0 0 0 0 2  
 CA #9: 0 0 0 0 0 0  
 CA #10: 0 0 0 0 0 2  
 CA #11: 2 0 0 0 0 0  
 CA #12: 1 0 0 0 0 0  
 CA #1: 0 0 0 0 0 1  
 CA #2: 19 0 0 0 6 19  
 CA #3: 0 0 0 0 0 0  
 CA #4: 0 0 0 0 0 0  
 CA #5: 0 0 0 0 0 0  
 CA #6: 0 0 0 0 0 0  
 CA #7: 0 0 0 0 0 9  
 CA #8: 0 0 0 0 0 2  
 CA #9: 0 0 0 0 0 0  
 CA #10: 0 0 0 0 0 2  
 CA #11: 2 0 0 0 0 0  
 CA #12: 1 0 0 0 0 0  
 CA #1: 0 0 0 0 0 1  
 CA #2: 19 0 0 0 6 19  
 CA #3: 0 0 0 0 0 0  
 CA #4: 0 0 0 0 0 0  
 CA #5: 0 0 0 0 0 0  
 CA #6: 0 0 0 0 0 0  
 CA #7: 0 0 0 0 0 9  
 CA #8: 0 0 0 0 0 2  
 CA #9: 0 0 0 0 0 0  
 CA #10: 0 0 0 0 0 2  
 CA #11: 2 0 0 0 0 0  
 CA #12: 1 0 0 0 0 0  
 CA #1: 0 0 0 0 0 1  
 CA #2: 19 0 0 0 6 19  
 CA #3: 0 0 0 0 0 0  
 CA #4: 0 0 0 0 0 0  
 CA #5: 0 0 0 0 0 0  
 CA #6: 0 0 0 0 0 0  
 CA #7: 0 0 0 0 0 9  
 CA #8: 0 0 0 0 0 2  
 CA #9: 0 0 0 0 0 0  
 CA #10: 0 0 0 0 0 2  
 CA #11: 2 0 0 0 0 0  
 CA #12: 1 0 0 0 0 0  
 CA #1: 0 0 0 0 0 1  
 CA #2: 19 0 0 0 6 19  
 CA #3: 0 0 0 0 0 0  
 CA #4: 0 0 0 0 0 0  
 CA #5: 0 0 0 0 0 0  
 CA #6: 0 0 0 0 0 0  
 CA #7: 0 0 0 0 0 9  
 CA #8: 0 0 0 0 0 2  
 CA #9: 0 0 0 0 0 0  
 CA #10: 0 0 0 0 0 2  
 CA #11: 2 0 0 0 0 0  
 CA #12: 1 0 0 0 0 0  
 CA #1: 0 0 0 0 0 1  
 CA #2: 19 0 0 0 6 19  
 CA #3: 0 0 0 0 0 0  
 CA #4: 0 0 0 0 0 0  
 CA #5: 0 0 0 0 0 0  
 CA #6: 0 0 0 0 0 0  
 CA #7: 0 0 0 0 0 9  
 CA #8: 0 0 0 0 0 2  
 CA #9: 0 0 0 0 0 0  
 CA #10: 0 0 0 0 0 2  
 CA #11: 2 0 0 0 0 0  
 CA #12: 1 0 0 0 0 0  
 CA #1: 0 0 0 0 0 1  
 CA #2: 19 0 0 0 6 19  
 CA #3: 0 0 0 0 0 0  
 CA #4: 0 0 0 0 0 0  
 CA #5: 0 0 0 0 0 0  
 CA #6: 0 0 0 0 0 0  
 CA #7: 0 0 0 0 0 9  
 CA #8: 0 0 0 0 0 2  
 CA #9: 0 0 0 0 0 0  
 CA #10: 0 0 0 0 0 2  
 CA #11: 2 0 0 0 0 0  
 CA #12: 1 0 0 0 0 0  
 CA #1: 0 0 0 0 0 1  
 CA #2: 19 0 0 0 6 19  
 CA #3: 0 0 0 0 0 0  
 CA #4: 0 0 0 0 0 0  
 CA #5: 0 0 0 0 0 0  
 CA #6: 0 0 0 0 0 0  
 CA #7: 0 0 0 0 0 9  
 CA #8: 0 0 0 0 0 2  
 CA #9: 0 0 0 0 0 0  
 CA #10: 0 0 0 0 0 2  
 CA #11: 2 0 0 0 0 0  
 CA #12: 1 0 0 0 0 0  
 CA #1: 0 0 0 0 0 1  
 CA #2: 19 0 0 0 6 19  
 CA #3: 0 0 0 0 0 0  
 CA #4: 0 0 0 0 0 0  
 CA #5: 0 0 0 0 0 0  
 CA #6: 0 0 0 0 0 0  
 CA #7: 0 0 0 0 0 9  
 CA #8: 0 0 0 0 0 2  
 CA #9: 0 0 0 0 0 0  
 CA #10: 0 0 0 0 0 2  
 CA #11: 2 0 0 0 0 0  
 CA #12: 1 0 0 0 0 0  
 CA #1: 0 0 0 0 0 1  
 CA #2: 19 0 0 0 6 19  
 CA #3: 0 0 0 0 0 0  
 CA #4: 0 0 0 0 0 0  
 CA #5: 0 0 0 0 0 0  
 CA #6: 0 0 0 0 0 0  
 CA #7: 0 0 0 0 0 9  
 CA #8: 0 0 0 0 0 2  
 CA #9: 0 0 0 0 0 0  
 CA #10: 0 0 0 0 0 2  
 CA #11: 2 0 0 0 0 0  
 CA #12: 1 0 0 0 0 0  
 CA #1: 0 0 0 0 0 1  
 CA #2: 19 0 0 0 6 19  
 CA #3: 0 0 0 0 0 0  
 CA #4: 0 0 0 0 0 0  
 CA #5: 0 0 0 0 0 0  
 CA #6: 0 0 0 0 0 0  
 CA #7: 0 0 0 0 0 9  
 CA #8: 0 0 0 0 0 2  
 CA #9: 0 0 0 0 0 0  
 CA #10: 0 0 0 0 0 2  
 CA #11: 2 0 0 0 0 0  
 CA #12: 1 0 0 0 0 0  
 CA #1: 0 0 0 0 0 0  
 CA #2: 0 0 0 0 0 1  
 CA #3: 0 0 0 0 0 0  
 CA #4: 0 0 0 0 0 0  
 CA #5: 0 0 0 0 0 0  
 CA #6: 0 0 0 0 0 0  
 CA #7: 0 0 0 0 0 0  
 CA #8: 0 0 0 0 0 0  
 CA #9: 0 0 0 0 0 0  
 CA #10: 0 0 0 0 0 0  
 CA #11: 0 0 0 0 0 0  
 CA #12: 0 0 0 0 0 0  
 CA #1: 0 0 0 0 0 0  
 CA #2: 0 0 0 0 0 1  
 CA #3: 19 0 0 0 0 17  
 CA #4: 0 0 0 0 0 0  
 CA #5: 0 0 0 0 0 0  
 CA #6: 0 0 0 0 0 0  
 CA #7: 0 0 0 0 0 0  
 CA #8: 0 0 0 0 0 0  
 CA #9: 0 0 0 0 0 0  
 CA #10: 0 0 0 0 0 0  
 CA #11: 0 0 0 0 0 0  
 CA #12: 0 0 0 0 0 0  
 CA #1: 0 0 0 0 0 0  
 CA #2: 0 0 0 0 0 1  
 CA #3: 19 0 0 0 0 17  
 CA #4: 0 0 0 0 0 0  
 CA #5: 0 0 0 0 0 0  
 CA #6: 0 0 0 0 0 0  
 CA #7: 0 0 0 0 0 0  
 CA #8: 0 0 0 0 0 0  
 CA #9: 0 0 0 0 0 0  
 CA #10: 0 0 0 0 0 0  
 CA #11: 0 0 0 0 0 0  
 CA #12: 0 0 0 0 0 0  
 CA #1: 0 0 0 0 0 0  
 CA #2: 0 0 0 0 0 1  
 CA #3: 19 0 0 0 0 17  
 CA #4: 0 0 0 0 0 0  
 CA #5: 0 0 0 0 0 0  
 CA #6: 0 0 0 0 0 0  
 CA #7: 0 0 0 0 0 0  
 CA #8: 0 0 0 0 0 0  
 CA #9: 0 0 0 0 0 0  
 CA #10: 0 0 0 0 0 0  
 CA #11: 0 0 0 0 0 0  
 CA #12: 0 0 0 0 0 0  
 CA #1: 0 0 0 0 0 0  
 CA #2: 0 0 0 0 0 1  
 CA #3: 19 0 0 0 0 17  
 CA #4: 0 0 0 0 0 0  
 CA #5: 0 0 0 0 0 0  
 CA #6: 0 0 0 0 0 0  
 CA #7: 0 0 0 0 0 0  
 CA #8: 0 0 0 0 0 0  
 CA #9: 0 0 0 0 0 0  
 CA #10: 0 0 0 0 0 0  
 CA #11: 0 0 0 0 0 0  
 CA #12: 0 0 0 0 0 0  
 CA #1: 0 0 0 0 0 0  
 CA #2: 0 0 0 0 0 1  
 CA #3: 19 0 0 0 0 17  
 CA #4: 0 0 0 0 0 0  
 CA #5: 0 0 0 0 0 0  
 CA #6: 0 0 0 0 0 0  
 CA #7: 0 0 0 0 0 0  
 CA #8: 0 0 0 0 0 0  
 CA #9: 0 0 0 0 0 0  
 CA #10: 0 0 0 0 0 0  
 CA #11: 0 0 0 0 0 0  
 CA #12: 0 0 0 0 0 0  
 CA #1: 0 0 0 0 0 0  
 CA #2: 0 0 0 0 0 1  
 CA #3: 19 0 0 0 0 17  
 CA #4: 0 0 0 0 0 0  
 CA #5: 0 0 0 0 0 0  
 CA #6: 0 0 0 0 0 0  
 CA #7: 0 0 0 0 0 0  
 CA #8: 0 0 0 0 0 0  
 CA #9: 0 0 0 0 0 0  
 CA #10: 0 0 0 0 0 0  
 CA #11: 0 0 0 0 0 0  
 CA #12: 0 0 0 0 0 0  
 CA #1: 0 0 0 0 0 0  
 CA #2: 0 0 0 0 0 1  
 CA #3: 19 0 0 0 0 17  
 CA #4: 0 0 0 0 0 0  
 CA #5: 0 0 0 0 0 0  
 CA #6: 0 0 0 0 0 0  
 CA #7: 0 0 0 0 0 0  
 CA #8: 0 0 0 0 0 0  
 CA #9: 0 0 0 0 0 0  
 CA #10: 0 0 0 0 0 0  
 CA #11: 0 0 0 0 0 0  
 CA #12: 0 0 0 0 0 0  
 CA #1: 0 0 0 0 0 0  
 CA #2: 0 0 0 0 0 1  
 CA #3: 19 0 0 0 0 17  
 CA #4: 0 0 0 0 0 0  
 CA #5: 0 0 0 0 0 0  
 CA #6: 0 0 0 0 0 0  
 CA #7: 0 0 0 0 0 0  
 CA #8: 0 0 0 0 0 0  
 CA #9: 0 0 0 0 0 0  
 CA #10: 0 0 0 0 0 0  
 CA #11: 0 0 0 0 0 0  
 CA #12: 0 0 0 0 0 0  
 CA #1: 0 0 0 0 0 0  
 CA #2: 0 0 0 0 0 1  
 CA #3: 19 0 0 0 0 17  
 CA #4: 0 0 0 0 0 0  
 CA #5: 0 0 0 0 0 0  
 CA #6: 0 0 0 0 0 0  
 CA #7: 0 0 0 0 0 0  
 CA #8: 0 0 0 0 0 0  
 CA #9: 0 0 0 0 0 0  
 CA #10: 0 0 0 0 0 0  
 CA #11: 0 0 0 0 0 0  
 CA #12: 0 0 0 0 0 0  
 CA #1: 0 0 0 0 0 0  
 CA #2: 0 0 0 0 0 1  
 CA #3: 19 0 0 0 0 17  
 CA #4: 0 0 0 0 0 0  
 CA #5: 0 0 0 0 0 0  
 CA #6: 0 0 0 0 0 0  
 CA #7: 0 0 0 0 0 0  
 CA #8: 0 0 0 0 0 0  
 CA #9: 0 0 0 0 0 0  
 CA #10: 0 0 0 0 0 0  
 CA #11: 0 0 0 0 0 0  
 CA #12: 0 0 0 0 0 0  
 CA #1: 0 0 0 0 0 3  
 CA #2: 0 0 0 0 0 2  
 CA #3: 19 0 0 0 0 18  
 CA #4: 1 0 0 0 0 2  
 CA #5: 2 0 0 0 0 0  
 CA #6: 0 0 0 0 0 0  
 CA #7: 0 0 0 0 0 0  
 CA #8: 0 0 0 0 0 0  
 CA #9: 0 0 0 0 0 0  
 CA #10: 1 0 0 0 0 1  
 CA #11: 0 0 0 0 0 1  
 CA #12: 0 0 0 0 0 0  
 CA #1: 0 0 0 0 0 3  
 CA #2: 0 0 0 0 0 2  
 CA #3: 19 0 0 0 0 18  
 CA #4: 1 0 0 0 0 2  
 CA #5: 2 0 0 0 0 0  
 CA #6: 0 0 0 0 0 0  
 CA #7: 0 0 0 0 0 0  
 CA #8: 0 0 0 0 0 0  
 CA #9: 0 0 0 0 0 0  
 CA #10: 1 0 0 0 0 1  
 CA #11: 0 0 0 0 0 1  
 CA #12: 0 0 0 0 0 0  
 CA #1: 0 0 0 0 0 3  
 CA #2: 0 0 0 0 0 2  
 CA #3: 19 0 0 0 0 18  
 CA #4: 1 0 0 0 0 2  
 CA #5: 2 0 0 0 0 0  
 CA #6: 0 0 0 0 0 0  
 CA #7: 0 0 0 0 0 0  
 CA #8: 2 0 0 0 0 1  
 CA #9: 0 0 0 0 0 0  
 CA #10: 1 0 0 0 0 1  
 CA #11: 0 0 0 0 0 1  
 CA #12: 0 0 0 0 0 0  
 CA #1: 0 0 0 0 0 3  
 CA #2: 0 0 0 0 0 2  
 CA #3: 19 0 0 0 0 18  
 CA #4: 1 0 0 0 0 2  
 CA #5: 2 0 0 0 0 0  
 CA #6: 0 0 0 0 0 1  
 CA #7: 0 0 0 0 0 0  
 CA #8: 2 0 0 0 0 1  
 CA #9: 0 0 0 0 0 0  
 CA #10: 1 0 0 0 0 1  
 CA #11: 0 0 0 0 0 1  
 CA #12: 0 0 0 0 0 0  
 CA #1: 0 0 0 0 0 3  
 CA #2: 0 0 0 0 0 2  
 CA #3: 19 0 0 0 0 18  
 CA #4: 1 0 0 0 0 2  
 CA #5: 2 0 0 0 0 0  
 CA #6: 0 0 0 0 0 1  
 CA #7: 0 0 0 0 0 0  
 CA #8: 2 0 0 0 0 1  
 CA #9: 0 0 0 0 0 0  
 CA #10: 1 0 0 0 0 1  
 CA #11: 0 0 0 0 0 1  
 CA #12: 0 0 0 0 0 0  
 CA #1: 0 0 0 0 0 3  
 CA #2: 0 0 0 0 0 2  
 CA #3: 19 0 0 0 0 18  
 CA #4: 1 0 0 0 0 2  
 CA #5: 2 0 0 0 0 0  
 CA #6: 0 0 0 0 0 1  
 CA #7: 0 0 0 0 0 0  
 CA #8: 2 0 0 0 0 1  
 CA #9: 0 0 0 0 0 0  
 CA #10: 1 0 0 0 0 1  
 CA #11: 0 0 0 0 0 1  
 CA #12: 0 0 0 0 0 0  
 CA #1: 0 0 0 0 0 3  
 CA #2: 0 0 0 0 0 2  
 CA #3: 19 0 0 0 0 17  
 CA #4: 1 0 0 0 0 3  
 CA #5: 2 0 0 0 0 0  
 CA #6: 0 0 0 0 0 1  
 CA #7: 0 0 0 0 0 0  
 CA #8: 2 0 0 0 0 1  
 CA #9: 0 0 0 0 0 0  
 CA #10: 1 0 0 0 0 1  
 CA #11: 0 0 0 0 0 1  
 CA #12: 0 0 0 0 0 0  
 CA #1: 0 0 0 0 0 3  
 CA #2: 0 0 0 0 0 2  
 CA #3: 19 0 0 0 0 17  
 CA #4: 1 0 0 0 0 3  
 CA #5: 2 0 0 0 0 0  
 CA #6: 0 0 0 0 0 1  
 CA #7: 0 0 0 0 0 0  
 CA #8: 2 0 0 0 0 1  
 CA #9: 0 0 0 0 0 0  
 CA #10: 1 0 0 0 0 1  
 CA #11: 0 0 0 0 0 1  
 CA #12: 1 0 0 0 0 0  
 CA #1: 0 0 0 0 0 3  
 CA #2: 1 0 0 0 0 1  
 CA #3: 19 0 0 0 0 17  
 CA #4: 1 0 0 0 0 4  
 CA #5: 2 0 0 0 0 0  
 CA #6: 0 0 0 0 0 1  
 CA #7: 0 0 0 0 0 0  
 CA #8: 2 0 0 0 0 1  
 CA #9: 0 0 0 0 0 0  
 CA #10: 1 0 0 0 0 1  
 CA #11: 0 0 0 0 0 1  
 CA #12: 1 0 0 0 0 0  
 CA #1: 0 0 0 0 0 3  
 CA #2: 1 0 0 0 0 1  
 CA #3: 19 0 0 0 0 17  
 CA #4: 1 0 0 0 0 4  
 CA #5: 2 0 0 0 0 0  
 CA #6: 0 0 0 0 0 1  
 CA #7: 0 0 0 0 0 0  
 CA #8: 2 0 0 0 0 1  
 CA #9: 0 0 0 0 0 0  
 CA #10: 1 0 0 0 0 1  
 CA #11: 0 0 0 0 0 1  
 CA #12: 1 0 0 0 0 0  
 CA #1: 0 0 0 0 0 3  
 CA #2: 1 0 0 0 0 1  
 CA #3: 19 0 0 0 0 17  
 CA #4: 1 0 0 0 0 4  
 CA #5: 2 0 0 0 0 0  
 CA #6: 0 0 0 0 0 1  
 CA #7: 0 0 0 0 0 0  
 CA #8: 2 0 0 0 0 2  
 CA #9: 0 0 0 0 0 0  
 CA #10: 1 0 0 0 0 1  
 CA #11: 0 0 0 0 0 1  
 CA #12: 1 0 0 0 0 0  
 CA #1: 0 0 0 0 0 3  
 CA #2: 1 0 0 0 0 1  
 CA #3: 19 0 0 0 0 17  
 CA #4: 1 0 0 0 0 4  
 CA #5: 2 0 0 0 0 0  
 CA #6: 0 0 0 0 0 1  
 CA #7: 0 0 0 0 0 0  
 CA #8: 2 0 0 0 0 2  
 CA #9: 0 0 0 0 0 0  
 CA #10: 1 0 0 0 0 1  
 CA #11: 0 0 0 0 0 1  
 CA #12: 1 0 0 0 0 0  
 CA #1: 0 0 0 0 0 3  
 CA #2: 1 0 0 0 0 1  
 CA #3: 19 0 0 0 0 17  
 CA #4: 1 0 0 0 0 4  
 CA #5: 2 0 0 0 0 0  
 CA #6: 0 0 0 0 0 1  
 CA #7: 0 0 0 0 0 0  
 CA #8: 2 0 0 0 0 2  
 CA #9: 0 0 0 0 0 0  
 CA #10: 1 0 0 0 0 1  
 CA #11: 0 0 0 0 0 1  
 CA #12: 1 0 0 0 0 0 