 
 CA #1: 307.0 305.0 316.0 298.0 305.0 314.0  
 CA #2: 329.0 310.0 318.0 290.0 314.0 304.0  
 CA #3: 320.0 343.0 314.0 313.0 317.0 316.0  
 CA #4: 335.0 311.0 311.0 305.0 302.0 306.0  
 CA #5: 302.0 304.0 297.0 316.0 314.0 316.0  
 CA #6: 298.0 314.0 289.0 322.0 301.0 305.0  
 CA #7: 313.0 303.0 315.0 297.0 295.0 318.0  
 CA #8: 302.0 330.0 292.0 298.0 292.0 305.0  
 CA #9: 327.0 315.0 308.0 306.0 314.0 301.0  
 CA #10: 317.0 300.0 318.0 322.0 324.0 306.0  
 CA #11: 305.0 318.0 304.0 327.0 314.0 314.0  
 CA #12: 329.0 323.0 309.0 300.0 316.0 305.0  
 CA #1: 321.0 324.0 303.0 296.0 324.0 321.0  
 CA #2: 296.0 306.0 312.0 306.0 312.0 316.0  
 CA #3: 325.0 299.0 306.0 330.0 308.0 308.0  
 CA #4: 307.0 301.0 315.0 331.0 319.0 311.0  
 CA #5: 316.0 287.0 304.0 310.0 326.0 353.0  
 CA #6: 316.0 327.0 315.0 315.0 310.0 312.0  
 CA #7: 319.0 294.0 322.0 331.0 320.0 318.0  
 CA #8: 301.0 325.0 329.0 330.0 312.0 300.0  
 CA #9: 319.0 315.0 316.0 320.0 294.0 311.0  
 CA #10: 302.0 316.0 322.0 327.0 285.0 326.0  
 CA #11: 327.0 282.0 320.0 322.0 316.0 298.0  
 CA #12: 333.0 323.0 332.0 300.0 297.0 305.0 