 
 CA #1: 298.0 294.0 314.0 314.0 318.0 330.0  
 CA #2: 306.0 306.0 306.0 309.0 322.0 315.0  
 CA #3: 311.0 308.0 302.0 313.0 305.0 320.0  
 CA #4: 322.0 306.0 341.0 316.0 305.0 311.0  
 CA #5: 305.0 275.0 307.0 331.0 320.0 319.0  
 CA #6: 297.0 310.0 317.0 304.0 306.0 308.0  
 CA #7: 310.0 289.0 316.0 323.0 320.0 277.0  
 CA #8: 297.0 308.0 325.0 306.0 319.0 299.0  
 CA #9: 309.0 321.0 324.0 324.0 335.0 303.0  
 CA #10: 322.0 312.0 311.0 339.0 317.0 304.0  
 CA #11: 318.0 292.0 334.0 288.0 310.0 314.0  
 CA #12: 307.0 317.0 311.0 314.0 307.0 307.0  
 CA #1: 334.0 316.0 323.0 306.0 330.0 319.0  
 CA #2: 306.0 304.0 334.0 336.0 318.0 284.0  
 CA #3: 315.0 329.0 331.0 321.0 324.0 343.0  
 CA #4: 303.0 323.0 312.0 316.0 313.0 331.0  
 CA #5: 321.0 316.0 333.0 306.0 315.0 323.0  
 CA #6: 299.0 317.0 318.0 315.0 306.0 332.0  
 CA #7: 320.0 330.0 317.0 312.0 302.0 301.0  
 CA #8: 326.0 312.0 306.0 314.0 294.0 298.0  
 CA #9: 310.0 303.0 314.0 295.0 318.0 322.0  
 CA #10: 321.0 304.0 303.0 319.0 305.0 304.0  
 CA #11: 318.0 326.0 327.0 318.0 304.0 304.0  
 CA #12: 298.0 305.0 307.0 321.0 303.0 319.0  
 CA #1: 297.0 308.0 318.0 326.0 296.0 310.0  
 CA #2: 307.0 336.0 304.0 318.0 309.0 325.0  
 CA #3: 313.0 322.0 302.0 316.0 324.0 306.0  
 CA #4: 298.0 322.0 318.0 311.0 329.0 326.0  
 CA #5: 318.0 311.0 307.0 307.0 306.0 330.0  
 CA #6: 321.0 310.0 300.0 324.0 314.0 312.0  
 CA #7: 304.0 313.0 300.0 318.0 291.0 303.0  
 CA #8: 332.0 306.0 322.0 298.0 310.0 336.0  
 CA #9: 336.0 308.0 304.0 303.0 306.0 295.0  
 CA #10: 305.0 304.0 325.0 295.0 317.0 331.0  
 CA #11: 325.0 321.0 324.0 319.0 308.0 319.0  
 CA #12: 320.0 327.0 332.0 311.0 304.0 335.0  
 CA #1: 320.0 324.0 326.0 324.0 293.0 314.0  
 CA #2: 305.0 308.0 296.0 279.0 316.0 324.0  
 CA #3: 304.0 308.0 325.0 308.0 306.0 303.0  
 CA #4: 298.0 318.0 308.0 325.0 308.0 319.0  
 CA #5: 332.0 307.0 319.0 310.0 325.0 309.0  
 CA #6: 319.0 308.0 310.0 305.0 311.0 303.0  
 CA #7: 324.0 348.0 348.0 301.0 300.0 326.0  
 CA #8: 308.0 300.0 327.0 321.0 303.0 337.0  
 CA #9: 331.0 307.0 327.0 317.0 319.0 306.0  
 CA #10: 307.0 314.0 319.0 305.0 333.0 306.0  
 CA #11: 305.0 318.0 310.0 312.0 290.0 308.0  
 CA #12: 311.0 317.0 339.0 296.0 283.0 288.0 